7.059999999999999609e-02
3.740000000000000269e-02
2.999999999999999737e-04
1.460000000000000013e-02
5.500000000000000548e-03
3.799999999999999992e-03
6.400000000000000307e-03
3.169999999999999901e-02
6.690000000000000113e-02
2.128000000000000030e-02
2.999999999999999737e-04
4.281000000000000083e-03
3.099999999999999891e-03
1.030000000000000013e-02
1.500000000000000222e-01
2.700000000000000143e-03
7.099999999999999541e-03
1.609999999999999973e-02
2.624999999999999903e-02
3.950000000000000039e-02
2.000000000000000096e-04
4.699999999999999317e-03
0.000000000000000000e+00
1.199999999999999895e-03
7.799999999999999989e-02
0.000000000000000000e+00
1.600000000000000077e-03
1.510000000000000057e-02
0.000000000000000000e+00
4.309999999999999942e-02
1.200000000000000025e-02
0.000000000000000000e+00
8.000000000000000167e-03
8.000000000000000167e-02
1.600000000000000033e-02
1.770000000000000046e-02
8.319999999999999618e-02
1.632000000000000117e-01
5.199999999999999761e-03
1.697999999999999857e-02
1.299999999999999940e-03
2.990000000000000296e-02
2.299999999999999961e-03
0.000000000000000000e+00
1.100000000000000066e-03
0.000000000000000000e+00
6.635999999999999677e-01
8.899999999999999925e-03
1.910000000000000031e-01
6.590000000000000024e-02
3.209999999999999659e-02
3.000000000000000062e-03
1.750000000000000167e-02
6.500000000000000569e-03
3.499999999999999639e-03
1.169999999999999860e-02
1.700000000000000122e-02
6.000000000000000125e-03
1.620000000000000259e-02
2.399999999999999790e-03
1.480000000000000066e-02
4.599999999999999922e-03
5.400000000000000286e-03
1.009999999999999960e-02
4.199999999999999740e-03
4.199999999999999740e-03
1.639999999999999791e-02
0.000000000000000000e+00
2.500000000000000052e-03
3.499999999999999639e-03
1.779999999999999985e-02
6.000000000000000125e-03
6.509999999999999121e-02
2.599999999999999881e-03
6.000000000000000125e-03
0.000000000000000000e+00
1.600000000000000077e-03
8.270999999999999464e-01
2.599999999999999881e-03
0.000000000000000000e+00
5.079999999999999793e-02
0.000000000000000000e+00
4.400000000000000265e-03
5.000000000000000104e-03
2.899999999999999800e-03
1.760000000000000106e-02
3.039999999999999994e-02
4.250000000000000305e-02
0.000000000000000000e+00
4.899999999999999842e-03
2.099999999999999870e-03
8.999999999999999754e-04
3.679999999999999938e-01
7.400000000000000328e-03
3.529999999999999805e-01
2.114000000000000046e-01
4.899999999999999842e-03
6.199999999999999956e-02
1.300000000000000114e-02
1.553999999999999999e-02
9.710000000000000575e-02
7.099999999999999541e-03
4.000000000000000083e-03
1.679999999999999896e-02
2.899999999999999800e-03
1.149999999999999981e-02
3.099999999999999891e-03
8.600000000000000006e-03
5.199999999999999761e-03
4.570000000000000451e-02
3.000000000000000062e-03
8.699999999999999400e-03
4.359999999999999987e-02
6.650000000000000355e-02
2.812000000000000055e-01
4.199999999999999740e-03
3.299999999999999982e-03
4.199999999999999740e-03
5.899999999999999863e-03
1.455000000000000182e-01
1.200000000000000025e-02
0.000000000000000000e+00
2.379999999999999824e-02
1.260000000000000009e-02
1.370000000000000037e-02
0.000000000000000000e+00
5.000000000000000104e-04
5.249999999999999806e-02
7.200000000000000844e-02
7.000000000000000666e-02
3.229999999999999538e-01
1.700000000000000122e-02
1.744999999999999885e-01
5.360000000000000181e-02
2.700000000000000143e-03
1.230000000000000017e-02
1.089999999999999997e-02
7.199999999999999803e-03
2.910000000000000087e-02
1.030000000000000013e-02
6.260000000000000286e-02
3.700000000000000164e-03
5.299999999999999850e-02
4.039999999999999841e-02
5.000000000000000104e-04
7.900000000000000772e-03
